	-200 -200 200
	-200 200 200
#


	-200 -200 200 
	-160 -200 200 
	-160 -160 200 
	-200 -160 200 
	-200 -160 200 
	-160 -160 200 
	-160 -120 200 
	-200 -120 200 
	-200 -120 200 
	-160 -120 200 
	-160 -80 200 
	-200 -80 200 
	-200 -80 200 
	-160 -80 200 
	-160 -40 200 
	-200 -40 200 
	-200 -40 200 
	-160 -40 200 
	-160 0 200 
	-200 0 200 
	-200 0 200 
	-160 0 200 
	-160 40 200 
	-200 40 200 
	-200 40 200 
	-160 40 200 
	-160 80 200 
	-200 80 200 
	-200 80 200 
	-160 80 200 
	-160 120 200 
	-200 120 200 
	-200 120 200 
	-160 120 200 
	-160 160 200 
	-200 160 200 
	-200 160 200 
	-160 160 200 
	-160 200 200 
	-200 200 200 

	-160 -200 200 
	-120 -200 200 
	-120 -160 200 
	-160 -160 200 
	-160 -160 200 
	-120 -160 200 
	-120 -120 200 
	-160 -120 200 
	-160 -120 200 
	-120 -120 200 
	-120 -80 200 
	-160 -80 200 
	-160 -80 200 
	-120 -80 200 
	-120 -40 200 
	-160 -40 200 
	-160 -40 200 
	-120 -40 200 
	-120 0 200 
	-160 0 200 
	-160 0 200 
	-120 0 200 
	-120 40 200 
	-160 40 200 
	-160 40 200 
	-120 40 200 
	-120 80 200 
	-160 80 200 
	-160 80 200 
	-120 80 200 
	-120 120 200 
	-160 120 200 
	-160 120 200 
	-120 120 200 
	-120 160 200 
	-160 160 200 
	-160 160 200 
	-120 160 200 
	-120 200 200 
	-160 200 200 

	-120 -200 200 
	-80 -200 200 
	-80 -160 200 
	-120 -160 200 
	-120 -160 200 
	-80 -160 200 
	-80 -120 200 
	-120 -120 200 
	-120 -120 200 
	-80 -120 200 
	-80 -80 200 
	-120 -80 200 
	-120 -80 200 
	-80 -80 200 
	-80 -40 200 
	-120 -40 200 
	-120 -40 200 
	-80 -40 200 
	-80 0 200 
	-120 0 200 
	-120 0 200 
	-80 0 200 
	-80 40 200 
	-120 40 200 
	-120 40 200 
	-80 40 200 
	-80 80 200 
	-120 80 200 
	-120 80 200 
	-80 80 200 
	-80 120 200 
	-120 120 200 
	-120 120 200 
	-80 120 200 
	-80 160 200 
	-120 160 200 
	-120 160 200 
	-80 160 200 
	-80 200 200 
	-120 200 200 

	-80 -200 200 
	-40 -200 200 
	-40 -160 200 
	-80 -160 200 
	-80 -160 200 
	-40 -160 200 
	-40 -120 200 
	-80 -120 200 
	-80 -120 200 
	-40 -120 200 
	-40 -80 200 
	-80 -80 200 
	-80 -80 200 
	-40 -80 200 
	-40 -40 200 
	-80 -40 200 
	-80 -40 200 
	-40 -40 200 
	-40 0 200 
	-80 0 200 
	-80 0 200 
	-40 0 200 
	-40 40 200 
	-80 40 200 
	-80 40 200 
	-40 40 200 
	-40 80 200 
	-80 80 200 
	-80 80 200 
	-40 80 200 
	-40 120 200 
	-80 120 200 
	-80 120 200 
	-40 120 200 
	-40 160 200 
	-80 160 200 
	-80 160 200 
	-40 160 200 
	-40 200 200 
	-80 200 200 

	-40 -200 200 
	0 -200 200 
	0 -160 200 
	-40 -160 200 
	-40 -160 200 
	0 -160 200 
	0 -120 200 
	-40 -120 200 
	-40 -120 200 
	0 -120 200 
	0 -80 200 
	-40 -80 200 
	-40 -80 200 
	0 -80 200 
	0 -40 200 
	-40 -40 200 
	-40 -40 200 
	0 -40 200 
	0 0 200 
	-40 0 200 
	-40 0 200 
	0 0 200 
	0 40 200 
	-40 40 200 
	-40 40 200 
	0 40 200 
	0 80 200 
	-40 80 200 
	-40 80 200 
	0 80 200 
	0 120 200 
	-40 120 200 
	-40 120 200 
	0 120 200 
	0 160 200 
	-40 160 200 
	-40 160 200 
	0 160 200 
	0 200 200 
	-40 200 200 

	0 -200 200 
	40 -200 200 
	40 -160 200 
	0 -160 200 
	0 -160 200 
	40 -160 200 
	40 -120 200 
	0 -120 200 
	0 -120 200 
	40 -120 200 
	40 -80 200 
	0 -80 200 
	0 -80 200 
	40 -80 200 
	40 -40 200 
	0 -40 200 
	0 -40 200 
	40 -40 200 
	40 0 200 
	0 0 200 
	0 0 200 
	40 0 200 
	40 40 200 
	0 40 200 
	0 40 200 
	40 40 200 
	40 80 200 
	0 80 200 
	0 80 200 
	40 80 200 
	40 120 200 
	0 120 200 
	0 120 200 
	40 120 200 
	40 160 200 
	0 160 200 
	0 160 200 
	40 160 200 
	40 200 200 
	0 200 200 

	40 -200 200 
	80 -200 200 
	80 -160 200 
	40 -160 200 
	40 -160 200 
	80 -160 200 
	80 -120 200 
	40 -120 200 
	40 -120 200 
	80 -120 200 
	80 -80 200 
	40 -80 200 
	40 -80 200 
	80 -80 200 
	80 -40 200 
	40 -40 200 
	40 -40 200 
	80 -40 200 
	80 0 200 
	40 0 200 
	40 0 200 
	80 0 200 
	80 40 200 
	40 40 200 
	40 40 200 
	80 40 200 
	80 80 200 
	40 80 200 
	40 80 200 
	80 80 200 
	80 120 200 
	40 120 200 
	40 120 200 
	80 120 200 
	80 160 200 
	40 160 200 
	40 160 200 
	80 160 200 
	80 200 200 
	40 200 200 

	80 -200 200 
	120 -200 200 
	120 -160 200 
	80 -160 200 
	80 -160 200 
	120 -160 200 
	120 -120 200 
	80 -120 200 
	80 -120 200 
	120 -120 200 
	120 -80 200 
	80 -80 200 
	80 -80 200 
	120 -80 200 
	120 -40 200 
	80 -40 200 
	80 -40 200 
	120 -40 200 
	120 0 200 
	80 0 200 
	80 0 200 
	120 0 200 
	120 40 200 
	80 40 200 
	80 40 200 
	120 40 200 
	120 80 200 
	80 80 200 
	80 80 200 
	120 80 200 
	120 120 200 
	80 120 200 
	80 120 200 
	120 120 200 
	120 160 200 
	80 160 200 
	80 160 200 
	120 160 200 
	120 200 200 
	80 200 200 

	120 -200 200 
	160 -200 200 
	160 -160 200 
	120 -160 200 
	120 -160 200 
	160 -160 200 
	160 -120 200 
	120 -120 200 
	120 -120 200 
	160 -120 200 
	160 -80 200 
	120 -80 200 
	120 -80 200 
	160 -80 200 
	160 -40 200 
	120 -40 200 
	120 -40 200 
	160 -40 200 
	160 0 200 
	120 0 200 
	120 0 200 
	160 0 200 
	160 40 200 
	120 40 200 
	120 40 200 
	160 40 200 
	160 80 200 
	120 80 200 
	120 80 200 
	160 80 200 
	160 120 200 
	120 120 200 
	120 120 200 
	160 120 200 
	160 160 200 
	120 160 200 
	120 160 200 
	160 160 200 
	160 200 200 
	120 200 200 

	160 -200 200 
	200 -200 200 
	200 -160 200 
	160 -160 200 
	160 -160 200 
	200 -160 200 
	200 -120 200 
	160 -120 200 
	160 -120 200 
	200 -120 200 
	200 -80 200 
	160 -80 200 
	160 -80 200 
	200 -80 200 
	200 -40 200 
	160 -40 200 
	160 -40 200 
	200 -40 200 
	200 0 200 
	160 0 200 
	160 0 200 
	200 0 200 
	200 40 200 
	160 40 200 
	160 40 200 
	200 40 200 
	200 80 200 
	160 80 200 
	160 80 200 
	200 80 200 
	200 120 200 
	160 120 200 
	160 120 200 
	200 120 200 
	200 160 200 
	160 160 200 
	160 160 200 
	200 160 200 
	200 200 200 
	160 200 200 

