	23.982 36.8385 31.9674 
	26.0726 56.7289 71.9674 
	-13.7083 60.9101 71.9674 
	-15.7988 41.0196 31.9674 
#

	23.982 36.8385 31.9674 
	26.0726 56.7289 -8.03263 
	-13.7083 60.9101 -8.03263 
	-15.7988 41.0196 31.9674 
#

	23.982 36.8385 31.9674 
	21.8915 16.9481 -8.03263 
	-17.8894 21.1292 -8.03263 
	-15.7988 41.0196 31.9674 
#

	23.982 36.8385 31.9674 
	21.8915 16.9481 71.9674 
	-17.8894 21.1292 71.9674 
	-15.7988 41.0196 31.9674 
#

	23.982 36.8385 31.9674 
	26.0726 56.7289 71.9674 
	-13.7083 60.9101 71.9674 
	-15.7988 41.0196 31.9674 
#

