	-200 -200 -100
	-200 200 -100
#


	-200 -200 -100 
	-160 -200 -100 
	-160 -160 -100 
	-200 -160 -100 
	-200 -160 -100 
	-160 -160 -100 
	-160 -120 -100 
	-200 -120 -100 
	-200 -120 -100 
	-160 -120 -100 
	-160 -80 -100 
	-200 -80 -100 
	-200 -80 -100 
	-160 -80 -100 
	-160 -40 -100 
	-200 -40 -100 
	-200 -40 -100 
	-160 -40 -100 
	-160 0 -100 
	-200 0 -100 
	-200 0 -100 
	-160 0 -100 
	-160 40 -100 
	-200 40 -100 
	-200 40 -100 
	-160 40 -100 
	-160 80 -100 
	-200 80 -100 
	-200 80 -100 
	-160 80 -100 
	-160 120 -100 
	-200 120 -100 
	-200 120 -100 
	-160 120 -100 
	-160 160 -100 
	-200 160 -100 
	-200 160 -100 
	-160 160 -100 
	-160 200 -100 
	-200 200 -100 

	-160 -200 -100 
	-120 -200 -100 
	-120 -160 -100 
	-160 -160 -100 
	-160 -160 -100 
	-120 -160 -100 
	-120 -120 -100 
	-160 -120 -100 
	-160 -120 -100 
	-120 -120 -100 
	-120 -80 -100 
	-160 -80 -100 
	-160 -80 -100 
	-120 -80 -100 
	-120 -40 -100 
	-160 -40 -100 
	-160 -40 -100 
	-120 -40 -100 
	-120 0 -100 
	-160 0 -100 
	-160 0 -100 
	-120 0 -100 
	-120 40 -100 
	-160 40 -100 
	-160 40 -100 
	-120 40 -100 
	-120 80 -100 
	-160 80 -100 
	-160 80 -100 
	-120 80 -100 
	-120 120 -100 
	-160 120 -100 
	-160 120 -100 
	-120 120 -100 
	-120 160 -100 
	-160 160 -100 
	-160 160 -100 
	-120 160 -100 
	-120 200 -100 
	-160 200 -100 

	-120 -200 -100 
	-80 -200 -100 
	-80 -160 -100 
	-120 -160 -100 
	-120 -160 -100 
	-80 -160 -100 
	-80 -120 -100 
	-120 -120 -100 
	-120 -120 -100 
	-80 -120 -100 
	-80 -80 -100 
	-120 -80 -100 
	-120 -80 -100 
	-80 -80 -100 
	-80 -40 -100 
	-120 -40 -100 
	-120 -40 -100 
	-80 -40 -100 
	-80 0 -100 
	-120 0 -100 
	-120 0 -100 
	-80 0 -100 
	-80 40 -100 
	-120 40 -100 
	-120 40 -100 
	-80 40 -100 
	-80 80 -100 
	-120 80 -100 
	-120 80 -100 
	-80 80 -100 
	-80 120 -100 
	-120 120 -100 
	-120 120 -100 
	-80 120 -100 
	-80 160 -100 
	-120 160 -100 
	-120 160 -100 
	-80 160 -100 
	-80 200 -100 
	-120 200 -100 

	-80 -200 -100 
	-40 -200 -100 
	-40 -160 -100 
	-80 -160 -100 
	-80 -160 -100 
	-40 -160 -100 
	-40 -120 -100 
	-80 -120 -100 
	-80 -120 -100 
	-40 -120 -100 
	-40 -80 -100 
	-80 -80 -100 
	-80 -80 -100 
	-40 -80 -100 
	-40 -40 -100 
	-80 -40 -100 
	-80 -40 -100 
	-40 -40 -100 
	-40 0 -100 
	-80 0 -100 
	-80 0 -100 
	-40 0 -100 
	-40 40 -100 
	-80 40 -100 
	-80 40 -100 
	-40 40 -100 
	-40 80 -100 
	-80 80 -100 
	-80 80 -100 
	-40 80 -100 
	-40 120 -100 
	-80 120 -100 
	-80 120 -100 
	-40 120 -100 
	-40 160 -100 
	-80 160 -100 
	-80 160 -100 
	-40 160 -100 
	-40 200 -100 
	-80 200 -100 

	-40 -200 -100 
	0 -200 -100 
	0 -160 -100 
	-40 -160 -100 
	-40 -160 -100 
	0 -160 -100 
	0 -120 -100 
	-40 -120 -100 
	-40 -120 -100 
	0 -120 -100 
	0 -80 -100 
	-40 -80 -100 
	-40 -80 -100 
	0 -80 -100 
	0 -40 -100 
	-40 -40 -100 
	-40 -40 -100 
	0 -40 -100 
	0 0 -100 
	-40 0 -100 
	-40 0 -100 
	0 0 -100 
	0 40 -100 
	-40 40 -100 
	-40 40 -100 
	0 40 -100 
	0 80 -100 
	-40 80 -100 
	-40 80 -100 
	0 80 -100 
	0 120 -100 
	-40 120 -100 
	-40 120 -100 
	0 120 -100 
	0 160 -100 
	-40 160 -100 
	-40 160 -100 
	0 160 -100 
	0 200 -100 
	-40 200 -100 

	0 -200 -100 
	40 -200 -100 
	40 -160 -100 
	0 -160 -100 
	0 -160 -100 
	40 -160 -100 
	40 -120 -100 
	0 -120 -100 
	0 -120 -100 
	40 -120 -100 
	40 -80 -100 
	0 -80 -100 
	0 -80 -100 
	40 -80 -100 
	40 -40 -100 
	0 -40 -100 
	0 -40 -100 
	40 -40 -100 
	40 0 -100 
	0 0 -100 
	0 0 -100 
	40 0 -100 
	40 40 -100 
	0 40 -100 
	0 40 -100 
	40 40 -100 
	40 80 -100 
	0 80 -100 
	0 80 -100 
	40 80 -100 
	40 120 -100 
	0 120 -100 
	0 120 -100 
	40 120 -100 
	40 160 -100 
	0 160 -100 
	0 160 -100 
	40 160 -100 
	40 200 -100 
	0 200 -100 

	40 -200 -100 
	80 -200 -100 
	80 -160 -100 
	40 -160 -100 
	40 -160 -100 
	80 -160 -100 
	80 -120 -100 
	40 -120 -100 
	40 -120 -100 
	80 -120 -100 
	80 -80 -100 
	40 -80 -100 
	40 -80 -100 
	80 -80 -100 
	80 -40 -100 
	40 -40 -100 
	40 -40 -100 
	80 -40 -100 
	80 0 -100 
	40 0 -100 
	40 0 -100 
	80 0 -100 
	80 40 -100 
	40 40 -100 
	40 40 -100 
	80 40 -100 
	80 80 -100 
	40 80 -100 
	40 80 -100 
	80 80 -100 
	80 120 -100 
	40 120 -100 
	40 120 -100 
	80 120 -100 
	80 160 -100 
	40 160 -100 
	40 160 -100 
	80 160 -100 
	80 200 -100 
	40 200 -100 

	80 -200 -100 
	120 -200 -100 
	120 -160 -100 
	80 -160 -100 
	80 -160 -100 
	120 -160 -100 
	120 -120 -100 
	80 -120 -100 
	80 -120 -100 
	120 -120 -100 
	120 -80 -100 
	80 -80 -100 
	80 -80 -100 
	120 -80 -100 
	120 -40 -100 
	80 -40 -100 
	80 -40 -100 
	120 -40 -100 
	120 0 -100 
	80 0 -100 
	80 0 -100 
	120 0 -100 
	120 40 -100 
	80 40 -100 
	80 40 -100 
	120 40 -100 
	120 80 -100 
	80 80 -100 
	80 80 -100 
	120 80 -100 
	120 120 -100 
	80 120 -100 
	80 120 -100 
	120 120 -100 
	120 160 -100 
	80 160 -100 
	80 160 -100 
	120 160 -100 
	120 200 -100 
	80 200 -100 

	120 -200 -100 
	160 -200 -100 
	160 -160 -100 
	120 -160 -100 
	120 -160 -100 
	160 -160 -100 
	160 -120 -100 
	120 -120 -100 
	120 -120 -100 
	160 -120 -100 
	160 -80 -100 
	120 -80 -100 
	120 -80 -100 
	160 -80 -100 
	160 -40 -100 
	120 -40 -100 
	120 -40 -100 
	160 -40 -100 
	160 0 -100 
	120 0 -100 
	120 0 -100 
	160 0 -100 
	160 40 -100 
	120 40 -100 
	120 40 -100 
	160 40 -100 
	160 80 -100 
	120 80 -100 
	120 80 -100 
	160 80 -100 
	160 120 -100 
	120 120 -100 
	120 120 -100 
	160 120 -100 
	160 160 -100 
	120 160 -100 
	120 160 -100 
	160 160 -100 
	160 200 -100 
	120 200 -100 

	160 -200 -100 
	200 -200 -100 
	200 -160 -100 
	160 -160 -100 
	160 -160 -100 
	200 -160 -100 
	200 -120 -100 
	160 -120 -100 
	160 -120 -100 
	200 -120 -100 
	200 -80 -100 
	160 -80 -100 
	160 -80 -100 
	200 -80 -100 
	200 -40 -100 
	160 -40 -100 
	160 -40 -100 
	200 -40 -100 
	200 0 -100 
	160 0 -100 
	160 0 -100 
	200 0 -100 
	200 40 -100 
	160 40 -100 
	160 40 -100 
	200 40 -100 
	200 80 -100 
	160 80 -100 
	160 80 -100 
	200 80 -100 
	200 120 -100 
	160 120 -100 
	160 120 -100 
	200 120 -100 
	200 160 -100 
	160 160 -100 
	160 160 -100 
	200 160 -100 
	200 200 -100 
	160 200 -100 

